39444
48 55
25 10
61 72
42 54
15 49
8 30
60 3
64 97
50 32
23 97
23 53
41 23
83 77
48 54
88 67
59 20
84 37
82 97
55 61
99 17
36 16
51 65
37 9
47 82
83 16
67 66
37 65
20 7
10 21
78 22
54 20
61 57
53 8
14 34
94 97
46 24
38 42
2 27
49 13
17 24
96 55
99 75
66 7
52 46
9 41
30 75
64 7
33 9
86 84
55 92
62 25
52 51
94 81
32 40
51 57
32 11
31 93
31 11
26 62
53 70
55 65
55 40
27 41
26 56
36 41
67 47
3 85
40 74
12 99
88 98
64 33
29 59
29 59
59 10
74 59
18 69
93 82
0 37
46 17
13 90
3 80
8 80
74 28
15 77
16 91
32 23
90 39
30 16
34 19
95 5
89 18
83 73
83 58
99 79
73 33
41 91
30 0
20 34
18 27
96 79
73 97
87 79
7 61
47 74
89 75
51 11
15 82
22 55
49 55
23 41
57 42
35 39
23 97
73 93
15 54
96 2
20 22
8 21
86 64
31 84
23 78
71 17
56 60
12 27
11 68
44 92
37 83
63 61
24 83
85 86
50 60
23 24
93 96
81 97
56 39
23 60
0 76
63 46
37 24
31 57
92 41
1 67
69 66
64 83
78 90
39 64
58 50
0 83
0 25
77 28
60 79
62 96
64 37
92 91
21 97
59 21
41 38
76 43
97 16
94 39
92 86
26 28
75 36
7 77
49 11
36 57
86 92
17 26
63 98
64 95
36 0
59 46
58 83
28 10
70 48
66 62
88 3
64 13
93 69
73 59
79 80
30 61
34 49
3 96
44 41
20 74
62 53
52 78
35 33
33 91
91 12
80 25
52 82
96 12
1 2
14 73
87 3
19 75
97 75
61 71
52 60
28 93
32 23
2 75
75 86
39 3
60 61
19 82
17 86
94 79
26 35
57 83
57 12
66 71
33 73
10 7
83 26
77 55
33 11
99 99
96 84
66 32
9 10
7 62
67 71
38 61
76 35
54 13
80 16
89 98
61 89
39 64
89 63
69 12
78 81
70 28
72 34
30 86
87 93
97 37
90 81
99 99
71 7
10 99
46 65
51 87
34 45
47 82
58 79
21 49
73 36
1 51
68 68
11 60
5 59
21 75
77 44
51 84
36 6
65 77
9 41
64 67
34 49
35 41
69 39
70 21
12 33
12 57
11 94
89 42
20 7
14 91
21 9
17 53
18 77
2 78
30 39
17 77
72 43
39 89
87 93
6 69
66 47
0 32
43 25
80 73
58 6
41 39
90 58
17 56
26 36
86 48
93 35
20 9
72 28
74 57
92 15
47 92
36 71
65 17
22 35
92 44
21 36
89 34
20 81
7 68
50 11
44 81
89 53
82 96
83 3
72 39
23 91
79 47
25 61
14 80
93 62
17 11
53 56
11 7
22 73
39 2
84 37
81 38
0 45
79 73
19 54
2 5
78 47
20 49
45 33
95 68
71 89
59 27
72 99
46 23
26 74
25 37
95 59
57 68
72 44
39 81
79 10
76 88
67 7
20 62
24 34
17 15
94 52
47 4
24 89
91 7
14 56
41 46
36 40
86 53
50 72
46 99
96 67
57 49
75 61
33 79
75 33
40 44
16 95
19 96
36 25
26 81
99 95
11 12
61 78
95 82
54 55
9 75
56 72
58 58
34 42
14 43
65 29
95 86
86 51
60 62
60 56
74 78
56 36
88 27
41 14
50 87
59 64
66 78
14 54
10 68
39 47
98 19
14 19
7 14
88 98
98 31
61 6
47 50
35 42
66 28
13 19
67 96
82 19
38 91
62 40
46 99
40 7
3 34
30 99
51 69
26 78
2 61
78 58
66 57
78 88
50 78
30 67
63 8
51 88
81 95
48 23
21 11
23 33
8 92
78 17
48 93
83 58
54 15
7 25
43 63
66 48
36 78
33 75
98 1
2 16
76 73
65 27
0 35
53 72
4 2
25 12
33 43
56 13
11 58
40 23
65 39
39 65
9 7
73 90
67 86
43 21
21 69
64 64
10 61
77 13
41 63
39 52
43 75
25 22
90 69
30 3
4 39
16 12
7 77
27 89
74 46
45 29
62 20
2 77
88 12
89 13
26 36
53 15
69 73
6 98
45 93
8 14
21 34
55 51
47 49
78 88
16 95
69 43
81 18
65 55
29 79
27 37
7 56
78 95
84 5
11 10
74 53
82 92
92 63
66 20
14 90
10 34
77 47
7 27
68 25
71 65
22 8
52 99
52 87
34 89
16 7
23 47
51 89
41 68
44 47
58 22
14 37
43 88
8 71
99 33
37 63
4 36
55 81
80 13
73 26
89 36
36 6
23 76
62 22
76 3
98 11
38 92
52 29
21 34
6 43
76 5
6 88
62 8
47 7
2 22
50 32
8 29
28 24
95 89
49 27
71 45
29 25
44 69
5 18
85 60
22 39
36 60
1 91
3 0
46 6
36 22
27 14
58 56
1 63
35 94
2 61
2 17
82 58
86 42
27 61
6 29
29 39
85 32
12 64
58 25
61 46
60 38
24 95
75 84
19 17
18 55
84 67
70 76
0 50
17 96
52 93
13 33
66 47
4 99
6 68
79 87
8 31
27 0
93 87
44 42
9 80
94 8
30 53
22 41
68 77
57 96
82 75
53 22
90 87
52 16
14 58
3 21
34 1
12 34
86 31
80 50
59 17
81 78
42 48
10 2
9 10
54 56
19 74
25 6
1 14
83 35
42 75
57 4
67 4
89 78
11 58
75 71
46 92
71 3
51 59
59 0
48 67
51 66
70 66
36 9
33 50
83 85
93 97
33 28
41 7
88 42
4 21
61 42
22 93
66 69
25 39
52 90
41 31
77 25
18 88
67 33
13 37
5 72
67 7
56 89
25 80
86 29
81 23
63 55
70 36
52 59
55 87
21 10
51 33
60 5
61 32
84 15
35 9
9 18
31 51
52 18
61 37
87 40
34 40
80 69
43 5
10 93
79 60
74 93
50 7
96 71
46 12
46 54
3 76
30 45
59 77
79 3
97 88
55 49
67 89
68 93
76 4
16 8
28 60
64 95
75 91
56 9
40 22
10 36
46 51
77 7
42 77
53 57
96 79
77 74
49 74
87 19
46 76
78 58
62 10
46 47
98 62
98 93
5 2
22 66
40 22
59 63
60 40
32 88
87 91
2 13
10 37
94 98
28 75
60 61
93 67
32 85
42 12
0 34
88 63
36 4
8 5
69 61
49 14
58 56
74 40
10 44
95 0
68 59
79 79
93 24
85 9
75 3
43 61
18 76
21 1
87 65
79 64
78 50
5 25
34 64
20 74
25 38
13 39
26 73
47 46
82 95
38 40
58 23
87 65
58 27
48 41
8 58
68 7
57 96
40 64
77 41
5 17
86 7
90 1
50 6
67 78
39 70
4 11
9 54
71 92
66 43
1 50
42 55
79 89
65 1
82 84
62 59
70 29
83 72
79 26
42 64
75 96
7 1
43 38
72 67
37 74
88 76
95 92
1 35
14 48
47 56
67 95
65 29
62 6
38 71
65 51
61 43
68 80
76 24
51 10
56 87
53 3
54 91
52 8
41 11
6 3
95 5
39 41
74 52
30 23
96 18
22 95
44 56
81 38
32 92
80 2
80 26
2 98
20 59
15 66
47 54
22 25
60 84
74 8
45 36
58 2
80 36
80 11
66 19
4 22
0 56
34 78
60 83
49 49
48 28
40 0
50 61
24 75
19 81
76 79
3 16
17 53
40 57
77 50
79 56
58 8
16 79
57 59
88 3
2 2
28 66
55 33
18 44
12 66
17 73
86 11
11 5
52 42
18 61
91 96
99 86
89 31
91 79
98 57
49 46
95 74
93 13
21 10
67 71
19 32
4 18
22 54
90 30
10 87
63 40
37 22
99 62
1 81
70 60
3 50
74 40
83 70
39 37
76 81
86 5
28 46
72 46
89 12
74 56
43 25
67 82
46 39
26 79
89 40
9 72
5 13
91 88
84 24
22 79
17 97
46 59
68 16
35 36
47 16
49 7
81 56
73 44
84 99
12 14
14 6
12 65
84 71
21 34
42 49
65 93
76 99
75 96
7 94
75 0
13 66
19 47
21 24
38 45
22 31
5 75
75 37
95 57
17 50
3 16
18 45
97 57
85 22
58 1
84 63
25 58
73 31
86 79
57 5
63 85
59 71
58 57
93 86
85 14
6 65
13 24
0 79
46 2
76 39
98 34
87 89
49 55
32 98
40 20
17 87
89 4
45 70
70 94
99 78
60 39
48 53
88 2
19 29
64 8
18 81
71 70
69 39
42 37
55 47
84 97
85 17
71 98
15 72
93 51
34 35
30 52
72 81
62 15
47 78
11 99
9 32
81 59
62 76
62 10
64 23
31 7
83 81
24 35
9 13
60 47
37 29
51 65
28 14
77 43
17 41
62 28
82 61
1 22
25 77
59 9
69 33
43 42
54 45
