78953
40 11
34 70
20 49
22 90
85 14
47 72
18 92
64 92
10 86
64 5
2 54
54 70
88 99
5 71
10 8
94 69
29 55
69 60
65 70
4 67
49 4
56 40
14 76
45 17
46 84
61 7
87 6
69 5
0 52
51 85
67 29
5 63
84 32
35 87
59 81
33 82
88 50
56 60
54 24
75 14
93 36
2 83
75 85
45 53
91 60
71 45
13 4
18 95
17 11
84 57
70 78
77 27
62 13
8 6
55 83
48 82
8 65
27 29
32 97
34 29
51 31
24 93
12 55
53 20
50 79
63 32
72 97
92 19
33 36
40 97
28 0
66 21
77 64
97 93
60 84
44 65
96 76
75 47
88 84
82 99
49 26
5 70
27 14
54 49
19 53
27 0
15 29
35 24
3 8
40 50
39 96
19 26
56 76
3 81
8 46
5 47
46 65
38 32
84 85
31 10
67 41
1 36
22 58
49 87
31 31
15 42
35 28
51 7
81 39
45 97
97 9
46 93
51 91
52 14
47 95
63 69
6 63
19 38
15 29
90 24
50 10
75 12
54 0
88 93
18 56
17 44
95 18
9 92
46 54
70 96
32 87
27 78
30 81
13 60
10 79
52 22
17 96
35 7
33 77
59 39
87 20
33 50
22 27
7 84
22 71
70 54
82 97
49 46
5 36
18 27
97 49
18 86
0 79
43 93
12 57
82 98
89 23
8 79
21 50
82 26
15 37
0 56
27 85
14 33
14 80
59 59
30 86
63 26
25 48
21 0
55 62
78 33
31 20
88 35
53 14
75 5
2 22
53 14
45 15
79 85
66 16
35 16
74 17
1 90
54 50
70 9
93 91
92 88
41 88
77 46
38 43
74 18
70 47
41 68
21 15
6 12
48 29
95 69
45 36
39 24
38 82
93 72
79 76
6 8
43 75
92 52
32 1
63 4
59 59
67 73
22 62
28 38
40 34
22 60
79 55
17 42
13 48
60 57
53 13
38 44
46 64
17 56
59 36
39 83
73 3
35 83
90 75
78 34
26 28
65 68
35 80
78 32
28 67
19 72
11 74
74 25
53 72
67 96
70 25
44 44
29 63
51 64
27 98
26 12
71 79
8 64
79 21
60 45
9 81
99 33
69 16
23 58
32 15
27 18
22 38
67 34
90 94
24 25
82 95
18 65
22 78
1 41
37 32
62 78
59 43
59 12
30 49
26 91
52 44
32 80
71 53
53 62
24 78
96 27
42 54
96 88
59 18
83 16
53 59
96 13
31 20
8 4
39 19
22 65
92 20
31 48
33 17
24 55
88 12
87 36
69 87
78 33
95 75
8 55
13 5
2 37
55 58
26 99
84 1
14 23
0 3
35 75
19 90
26 1
57 27
96 37
85 87
79 5
80 93
8 91
39 70
56 87
82 21
16 56
9 83
68 2
0 60
5 37
90 20
25 77
71 41
36 22
67 96
58 91
69 95
28 44
4 67
46 21
72 51
62 90
89 41
86 89
69 64
80 70
26 32
31 94
6 90
82 91
83 72
9 64
71 1
28 82
24 82
64 11
70 86
81 78
85 79
70 60
18 98
77 42
11 28
30 37
63 84
23 31
29 2
30 43
23 57
63 9
39 85
54 16
98 58
81 36
89 86
59 36
23 3
95 73
97 6
24 17
81 1
55 56
68 98
7 21
14 73
98 21
73 46
4 72
10 45
37 0
41 29
16 60
73 83
35 27
31 93
4 62
68 17
61 24
25 64
39 33
96 34
64 37
61 59
38 7
54 17
6 18
21 32
35 5
31 98
81 7
2 89
61 45
17 50
45 73
68 77
86 67
15 47
34 23
92 95
73 11
33 58
55 98
68 99
75 94
77 71
39 27
50 34
37 66
70 94
4 73
9 47
60 0
93 41
71 65
46 51
7 21
50 6
41 60
67 86
96 99
35 75
44 37
63 28
75 91
41 41
73 94
32 52
56 19
53 92
56 97
34 1
33 79
92 63
51 44
86 13
66 69
54 45
62 14
68 40
30 2
66 24
53 62
88 27
28 89
67 23
80 25
66 39
27 16
80 69
38 41
33 0
1 12
73 62
82 27
59 36
64 83
15 39
36 54
42 48
15 97
32 71
64 10
44 3
73 29
24 2
25 5
79 84
89 22
24 62
79 90
90 90
32 85
50 54
57 2
2 59
9 31
67 15
11 92
41 63
48 93
51 79
93 94
30 36
97 65
80 69
33 8
82 33
46 68
23 96
73 26
67 5
78 0
60 1
10 23
69 54
46 37
73 51
1 6
84 88
71 93
48 50
73 21
98 85
54 73
72 22
35 17
19 0
62 83
19 51
44 95
59 64
33 27
91 92
34 83
74 24
98 73
88 10
99 5
60 58
19 75
75 60
52 29
56 94
93 16
21 69
90 28
96 74
59 30
20 67
32 58
99 20
19 57
92 28
10 55
86 97
39 10
87 1
59 85
43 98
35 24
65 13
24 46
12 6
17 83
16 24
42 75
45 49
68 54
93 9
55 21
53 60
45 43
80 46
56 60
0 32
44 15
39 28
9 64
35 10
24 33
84 42
16 46
46 49
94 35
58 77
69 98
36 61
97 90
91 50
57 84
91 96
96 32
72 49
57 72
45 77
62 41
54 98
19 99
15 90
73 12
91 59
5 1
45 67
75 5
35 55
28 63
15 62
88 83
11 94
73 20
77 71
77 61
25 71
35 82
47 3
85 42
8 40
86 35
2 62
43 63
8 70
61 18
57 42
62 49
28 4
97 13
9 0
27 24
46 86
31 35
76 76
46 85
14 88
65 41
12 42
66 93
3 78
97 45
73 13
91 89
3 7
48 36
7 12
66 95
34 95
31 13
32 45
12 67
20 62
6 89
47 52
10 77
86 77
87 44
31 78
99 75
45 18
23 99
87 55
61 1
34 26
97 10
44 2
12 38
90 91
96 64
91 54
36 94
79 92
48 23
10 89
82 56
17 50
81 27
27 42
75 11
42 34
38 56
20 72
20 66
49 19
63 74
51 54
20 73
66 86
64 14
87 58
29 23
71 22
39 52
29 12
46 48
92 96
65 52
68 65
65 46
56 37
12 15
65 43
90 89
65 28
66 9
34 57
74 41
92 95
56 2
6 45
53 12
94 47
19 31
3 83
64 46
99 82
55 15
87 9
66 35
46 66
78 28
63 74
58 33
71 65
81 97
46 81
12 64
95 56
23 11
50 45
87 59
43 14
27 13
77 12
21 22
88 4
33 86
10 66
82 83
60 56
21 32
73 92
54 39
31 7
70 65
73 47
67 40
10 16
88 91
85 8
5 62
88 93
91 53
90 0
0 92
59 95
45 93
18 62
9 62
15 51
95 93
40 70
41 58
14 65
7 68
73 25
91 72
8 9
51 11
84 52
22 7
25 35
4 74
42 52
92 40
45 29
8 54
3 44
99 76
63 81
40 19
94 60
72 59
94 22
50 1
40 82
34 37
9 43
23 5
69 36
91 65
72 61
85 54
21 31
11 2
75 7
30 49
92 28
18 96
62 18
11 24
2 90
10 5
79 4
17 20
79 80
66 90
29 63
15 92
15 5
91 13
76 96
70 27
23 45
86 14
46 34
26 74
25 72
8 92
63 86
91 76
48 79
21 62
54 98
89 59
77 56
81 52
85 92
11 91
94 59
85 22
44 45
37 76
7 21
30 5
22 52
49 97
3 89
20 38
54 54
20 57
91 35
40 44
43 66
58 14
75 14
57 18
7 16
9 14
34 79
63 44
11 15
82 71
77 23
19 41
89 25
76 52
20 15
87 44
92 51
46 84
68 50
88 73
28 87
93 7
27 28
62 34
47 71
39 50
30 31
18 11
56 65
24 66
2 22
64 48
66 22
0 93
58 64
57 84
25 37
75 73
93 87
61 18
80 67
99 62
62 59
53 9
41 70
65 37
63 9
86 85
73 77
3 97
80 75
31 25
20 51
87 51
10 36
23 60
24 72
50 55
44 82
8 31
78 54
90 82
95 93
20 78
3 25
12 79
47 66
40 68
25 17
38 44
80 75
43 9
34 62
53 56
6 12
59 55
63 31
79 73
84 1
16 16
42 57
99 97
64 47
50 76
58 70
55 94
72 21
63 25
79 12
16 75
22 97
78 87
87 69
6 50
60 89
85 34
73 83
95 9
29 62
15 29
25 55
55 51
70 16
86 50
42 63
62 10
57 25
97 95
13 10
8 33
72 41
99 16
13 12
8 5
98 73
82 52
85 16
58 44
65 74
44 71
95 79
96 7
74 80
57 34
36 59
96 81
88 49
46 23
44 75
79 55
77 13
18 24
66 84
7 98
10 22
65 9
50 43
65 20
43 55
16 8
29 95
79 76
60 2
34 43
84 10
72 76
60 7
53 17
81 24
66 27
54 44
9 90
4 92
82 14
2 57
23 42
62 92
0 0
0 19
14 62
4 38
58 8
72 34
22 28
89 31
16 0
2 60
96 25
31 22
83 29
36 33
18 15
26 63
53 27
7 99
8 18
77 38
29 91
89 34
89 12
54 91
41 73
1 71
22 83
38 60
86 41
0 21
2 15
69 32
78 67
38 40
91 59
26 28
98 85
15 7
78 26
97 38
60 45
46 27
31 99
22 43
14 26
68 89
49 71
44 46
56 21
45 93
79 44
99 37
89 14
1 53
17 21
0 76
2 82
68 58
27 26
77 11
85 68
54 35
89 71
2 94
50 46
27 3
44 45
60 32
61 22
56 89
98 46
57 98
14 55
96 95
22 47
2 3
83 31
79 80
0 85
19 56
9 16
42 28
3 55
98 94
63 41
92 73
1 96
20 68
73 3
34 82
56 10
21 80
9 14
11 89
16 27
8 95
25 4
84 2
6 73
80 91
34 14
41 11
86 71
87 2
38 24
33 3
81 56
7 98
91 27
94 49
15 41
7 16
45 5
74 71
90 63
54 2
87 3
74 94
33 92
52 15
34 12
18 30
17 28
35 0
76 52
95 96
19 58
23 74
81 97
52 17
79 34
45 44
73 34
65 98
26 58
35 4
44 92
50 83
80 71
29 67
96 15
99 66
58 22
29 22
43 59
57 19
65 46
19 37
37 28
96 51
21 25
18 12
29 8
67 43
26 48
77 74
57 98
18 15
10 14
26 72
0 51
90 41
8 29
70 84
63 86
96 57
98 22
31 32
9 80
89 81
84 28
68 78
48 18
52 20
65 21
71 8
78 60
7 16
97 93
70 35
90 78
8 41
69 81
77 16
54 36
10 25
68 65
73 43
27 43
57 15
77 96
96 37
81 79
24 38
6 98
25 15
34 17
98 9
50 73
56 92
11 68
4 91
15 10
88 45
34 17
20 42
29 98
55 3
40 21
33 77
28 43
73 39
36 27
12 31
97 38
93 47
86 48
68 19
50 52
74 75
64 24
46 40
32 47
74 68
56 68
21 40
48 84
13 85
96 83
79 10
67 80
7 98
35 68
30 65
35 9
1 78
38 28
31 53
12 44
60 46
0 97
74 91
84 90
26 9
89 19
3 58
74 60
74 32
95 95
37 78
43 45
99 65
67 28
27 29
88 56
65 42
21 88
14 38
33 84
3 72
31 38
99 56
31 42
46 94
14 19
67 77
59 63
8 29
16 58
21 77
76 24
22 63
51 21
77 17
28 47
88 98
67 91
33 30
83 49
8 36
3 26
70 74
69 7
78 94
81 84
66 71
76 79
21 94
76 48
41 5
47 70
33 99
53 76
35 70
76 13
91 17
63 37
23 93
19 74
91 36
81 64
70 13
64 77
77 47
3 1
56 60
40 89
39 82
20 39
82 78
23 46
75 70
65 40
78 94
95 91
59 62
96 0
37 94
95 59
11 17
86 27
7 4
49 89
72 28
29 45
5 4
1 97
89 99
62 0
66 69
19 86
92 12
99 33
75 14
47 16
41 77
1 72
34 88
52 77
99 49
99 15
2 91
40 74
64 11
5 27
48 19
65 88
24 60
94 19
47 41
19 25
38 63
89 66
97 88
8 98
37 8
99 67
83 32
58 12
28 91
91 42
60 94
3 29
26 32
0 14
98 91
39 9
74 58
94 27
83 88
4 87
60 74
92 82
65 49
69 11
53 27
19 80
70 4
60 7
82 37
21 46
8 44
59 44
18 63
95 13
2 88
70 36
39 98
39 19
76 76
51 4
88 46
6 87
30 60
43 8
77 54
98 67
33 73
68 11
32 70
25 85
4 13
45 98
22 74
31 20
71 75
82 2
8 65
43 18
71 74
54 44
14 44
63 17
32 17
44 85
42 14
7 35
13 86
12 40
69 88
57 36
20 40
36 77
85 80
47 68
15 90
40 42
5 11
83 80
67 68
12 63
16 36
77 99
19 2
21 3
53 0
5 67
25 98
52 62
36 70
34 75
68 33
9 50
19 78
83 3
80 54
60 96
29 20
41 5
28 71
91 90
77 95
10 64
39 97
49 92
35 8
23 73
78 73
20 57
2 26
66 44
19 15
96 97
32 41
92 57
42 9
6 25
58 89
76 48
74 78
33 60
52 30
94 39
31 28
91 62
96 51
37 57
34 51
16 52
88 48
88 35
18 50
74 97
79 54
92 88
1 51
83 73
27 95
64 46
17 17
73 62
21 68
31 35
43 63
13 16
86 33
33 50
43 47
46 2
3 61
82 38
57 94
42 55
22 72
41 32
65 44
2 52
79 98
77 42
60 86
49 54
68 3
3 20
56 65
96 78
53 2
33 7
74 6
32 23
15 65
28 58
59 13
22 20
68 93
22 19
71 96
77 73
57 55
84 67
44 43
39 15
14 43
25 15
72 90
72 93
42 1
13 55
39 41
17 83
75 92
91 8
20 1
10 94
49 9
79 17
4 93
87 69
36 82
91 42
35 41
62 59
69 25
13 81
48 14
83 40
53 80
63 61
1 45
34 19
13 76
90 72
4 99
40 63
26 60
99 52
38 96
46 71
98 96
48 55
43 10
92 84
73 60
83 28
52 60
50 87
52 45
77 9
75 77
46 65
33 60
40 85
11 12
64 9
80 96
9 93
48 76
12 78
3 42
23 52
70 27
39 71
22 11
21 76
91 83
13 68
11 75
95 48
96 46
96 20
51 86
77 94
3 3
19 78
19 80
42 69
7 20
39 66
60 16
26 49
46 50
38 71
42 1
83 83
65 57
46 60
48 69
75 63
76 2
89 49
41 90
8 46
7 89
80 73
77 57
99 0
49 13
75 6
41 1
57 84
0 20
54 82
46 71
68 85
58 10
18 34
2 17
94 96
57 53
64 23
5 13
60 65
84 8
93 62
97 57
17 53
7 57
76 37
9 9
8 86
74 64
47 10
29 69
96 60
38 28
97 88
48 46
82 15
82 67
56 59
53 70
77 88
83 40
8 18
22 75
53 43
36 1
70 72
87 2
37 16
98 86
73 89
62 53
13 12
49 86
88 11
49 71
68 2
60 83
46 28
39 76
62 48
4 24
12 48
59 43
70 33
9 44
18 93
24 9
68 78
63 41
30 56
29 18
60 63
78 88
2 71
10 33
45 45
77 93
17 27
36 41
34 63
99 60
15 53
18 60
20 63
84 21
68 14
2 95
33 19
44 69
32 32
19 69
34 34
65 80
26 28
25 7
62 6
23 92
55 39
86 99
96 93
26 48
3 4
38 28
40 26
59 76
29 86
8 77
30 51
78 13
41 0
75 59
17 54
18 43
84 10
30 89
85 37
92 48
96 2
68 67
93 52
63 92
83 70
59 17
5 63
48 12
55 66
4 58
64 7
80 21
77 28
33 36
82 84
61 36
5 61
49 96
87 17
92 89
7 55
59 0
78 40
25 34
21 38
27 99
98 65
77 54
54 13
71 89
16 8
10 88
99 0
55 41
70 92
18 19
69 89
85 91
53 77
87 50
41 41
37 68
8 51
40 87
63 41
21 51
50 73
31 13
59 80
77 0
91 7
40 35
42 13
51 6
92 13
40 23
45 47
52 38
5 55
6 62
91 33
25 27
17 13
7 29
3 92
31 57
30 24
67 7
80 14
91 29
24 49
34 96
79 6
86 76
38 51
99 21
56 89
74 5
33 83
27 54
9 68
98 25
30 29
43 97
84 5
61 11
51 97
65 94
53 16
14 51
19 8
43 35
61 52
93 48
89 79
80 14
51 21
17 92
0 80
20 84
7 29
51 64
9 90
83 18
37 73
97 59
23 94
62 16
2 74
40 61
33 36
87 35
95 98
52 22
3 70
9 24
3 54
39 62
93 26
94 32
49 0
50 11
26 98
3 4
23 84
18 20
54 68
27 20
0 76
19 98
52 63
63 61
14 37
44 87
52 1
79 1
79 81
77 32
1 34
99 27
68 61
79 76
44 81
3 22
17 46
83 13
10 23
2 8
86 13
79 7
13 65
38 76
37 9
98 74
92 3
50 50
1 97
72 62
82 72
26 23
28 60
67 27
2 82
82 99
93 79
94 88
49 33
59 13
50 31
86 37
66 24
52 27
58 9
99 46
96 18
17 80
44 23
31 3
51 0
67 40
81 98
71 8
88 73
17 60
10 27
0 4
35 31
44 28
15 72
46 67
79 29
72 30
8 66
60 2
58 49
24 46
16 22
18 95
20 72
89 73
64 70
32 39
97 55
51 28
52 27
9 78
47 2
70 40
30 94
81 79
3 60
94 69
65 16
1 15
44 4
59 81
46 28
50 40
13 23
86 39
70 33
23 59
7 49
37 86
81 58
26 71
1 35
21 21
59 43
38 2
50 35
79 50
71 91
95 73
1 5
58 69
55 22
84 9
96 49
59 72
61 39
35 94
28 60
61 26
68 84
24 12
54 34
20 54
39 2
30 86
93 3
94 39
8 83
84 89
89 4
33 78
54 71
1 84
53 96
98 29
83 42
63 19
25 65
44 64
30 2
47 73
33 94
4 59
9 36
51 99
59 53
6 89
55 77
95 84
76 88
35 20
16 18